0 3 
6 9 

12 15 
54 57 

60 63 
66 69 

108 111 
114 117 

120 123 
162 165 

168 171 
174 177 

216 219 
222 225 

228 231 
270 273 

276 279 
282 285 


1 4 
7 10 
13 16 
55 58 
61 64 
67 70 
109 112 
115 118 
121 124 
163 166 
169 172 
175 178 
217 220 
223 226 
229 232 
271 274 
277 280 
283 286 


2 5 
8 11 
14 17 
56 59 
62 65 
68 71 
110 113 
116 119 
122 125 
164 167 
170 173 
176 179 
218 221 
224 227 
230 233 
272 275 
278 281 
284 287 
18 21 
24 27 
30 33 
72 75 
78 81 
84 87 
126 129 
132 135 
138 141 
180 183 
186 189 
192 195 
234 237 
240 243 
246 249 
288 291 
294 297 
300 303 
19 22 
25 28 
31 34 
73 76 
79 82 
85 88 
127 130 
133 136 
139 142 
181 184 
187 190 
193 196 
235 238 
241 244 
247 250 
289 292 
295 298 
301 304 
20 23 
26 29 
32 35 
74 77 
80 83 
86 89 
128 131 
134 137 
140 143 
182 185 
188 191 
194 197 
236 239 
242 245 
248 251 
290 293 
296 299 
302 305 
36 39 
42 45 
48 51 
90 93 
96 99 
102 105 
144 147 
150 153 
156 159 
198 201 
204 207 
210 213 
252 255 
258 261 
264 267 
306 309 
312 315 
318 321 
37 40 
43 46 
49 52 
91 94 
97 100 
103 106 
145 148 
151 154 
157 160 
199 202 
205 208 
211 214 
253 256 
259 262 
265 268 
307 310 
313 316 
319 322 
38 41 
44 47 
50 53 
92 95 
98 101 
104 107 
146 149 
152 155 
158 161 
200 203 
206 209 
212 215 
254 257 
260 263 
266 269 
308 311 
314 317 
320 323 
0 0 
0 0 
0 0 
0 0 
0 0 
0 0 
0 0 
0 0 
0 0 
0 0 
0 0 
0 0 
0 0 
0 0 
0 0 
0 0 
0 0 
0 0 
0 0 
0 0 
0 0 
0 0 
0 0 
0 0 
0 0 
0 0 
0 0 
0 0 
0 0 
0 0 
0 0 
0 0 
0 0 
0 0 
0 0 
0 0 
0 0 
0 0 
0 0 
0 0 
0 0 
0 0 
0 0 
0 0 
0 0 
0 0 
0 0 
0 0 
0 0 
0 0 
0 0 
0 0 
0 0 
0 0 
0 0 
0 0 
0 0 
0 0 
0 0 
0 0 
0 0 
0 0 
0 0 
0 0 
0 0 
0 0 
0 0 
0 0 
0 0 
0 0 
0 0 
0 0 
0 0 
0 0 
0 0 
0 0 
0 0 
0 0 
0 0 
0 0 
0 0 
0 0 
0 0 
0 0 
0 0 
0 0 
0 0 
0 0 
0 0 
0 0 
0 0 
0 0 
0 0 
0 0 
0 0 
0 0 
0 0 
0 0 
0 0 
0 0 
0 0 
0 0 
0 0 
0 0 
0 0 
0 0 
0 0 
0 0 
0 0 
0 0 
0 0 
0 0 
0 0 
0 0 
0 0 
0 0 
0 0 
0 0 
0 0 
0 0 
0 0 
0 0 
0 0 
0 0 
0 0 
0 0 
0 0 
0 0 
0 0 
0 0 
0 0 
0 0 
0 0 
0 0 
0 0 
0 0 
0 0 
0 0 
0 0 
0 0 
0 0 
0 0 
0 0 
0 0 
0 0 
0 0 
0 0 
0 0 
0 0 
0 0 
0 0 
0 0 
0 0 
0 0 
0 0 
0 0 
0 0 
0 0 
0 0 
0 0 
0 0 
0 0 
0 0 
0 0 
0 0 
0 0 
0 0 
0 0 
0 0 
0 0 
0 0 
0 0 
0 0 
0 0 
0 0 
0 0 
0 0 
0 0 
0 0 
0 0 
0 0 
0 0 
0 0 
0 0 
0 0 
0 0 
0 0 
0 0 
0 0 
0 0 
0 0 
0 0 
0 0 
0 0 
0 0 
0 0 
0 0 
0 0 
0 0 
0 0 
0 0 
0 0 
0 0 
0 0 
0 0 
0 0 
0 0 
0 0 
0 0 
0 0 
0 0 
0 0 
0 0 
0 0 
0 0 
0 0 
0 0 
0 0 
0 0 
0 0 
0 0 
0 0 
0 0 
0 0 
0 0 
0 0 
0 0 
0 0 
0 0 
0 0 
0 0 
0 0 
0 0 
0 0 
0 0 
0 0 
0 0 
0 0 
0 0 
0 0 
0 0 
0 0 
0 0 
0 0 
0 0 
0 0 
0 0 
0 0 
0 0 
0 0 
0 0 
0 0 
0 0 
0 0 
0 0 
0 0 
0 0 
0 0 
0 0 
0 0 
0 0 
0 0 
0 0 
0 0 
0 0 
0 0 
0 0 
0 0 
0 0 
0 0 
0 0 
0 0 
0 0 
0 0 
0 0 
0 0 
0 0 
0 0 
0 0 
0 0 
0 0 
0 0 
0 0 
0 0 
0 0 
0 0 
0 0 
0 0 
0 0 
0 0 
0 0 
0 0 
0 0 
0 0 
0 0 
0 0 
0 0 
0 0 
0 0 
0 0 
0 0 
0 0 
0 0 
0 0 
0 0 
0 0 
0 0 
0 0 
0 0 
0 0 
0 0 
0 0 
0 0 
0 0 
0 0 
0 0 
0 0 
0 0 
0 0 
0 0 
0 0 
0 0 
0 0 
0 0 
0 0 
0 0 
0 0 
0 0 
0 0 
0 0 
0 0 
0 0 
0 0 
0 0 
0 0 
0 0 
0 0 
0 0 
